populationSize = 2
generations = 1
___________________________________ 
population = [[ 7.95125848  4.09769762  0.95909342]
 [ 5.40738666  0.28828035  0.23489987]]
Generation = 1

fitness = [ 0.  0.]
